Accuracy: 0.9506172839506173
Precision: 0.9487951807228916
Recall: 0.9210526315789473
F1 Score: 0.9347181008902077
